<?xml version="1.0"?>
<opencv_storage>
<!-- Camera Matrix and Distortion Coefficients for Camera Calibration -->
<CameraMatrix type_id="opencv-matrix">
  <rows>3</rows>
  <cols>3</cols>
  <dt>d</dt>
  <data>
    3662.3085726920176 0. -8.6897855744460735 0. 3389.3290016757637
    657.12013057320553 0. 0. 1.</data></CameraMatrix>
<!-- Camera Matrix (Intrinsic Parameters) -->
<DistortionCoefficients type_id="opencv-matrix">
  <rows>1</rows>
  <cols>5</cols>
  <dt>d</dt>
  <data>
    -0.064996147632211218 -0.67283844679249805 0.0090661522149129148
    -0.021827972706722203 2.0960902984355196</data></DistortionCoefficients>
<!-- Distortion Coefficients (k1, k2, p1, p2, k3) -->
</opencv_storage>
