<?xml version='1.0' encoding='utf-8'?>
<opencv_storage><!--Camera Matrix and Distortion Coefficients for Camera Calibration--><CameraMatrix type_id="opencv-matrix"><rows>3</rows><cols>3</cols><dt>d</dt><data>4333.07314454099 0.0 -297.32553002562827 0.0 4222.691604485038 775.772268712274 0.0 0.0 1.0</data></CameraMatrix><!--Camera Matrix (Intrinsic Parameters)--><DistortionCoefficients type_id="opencv-matrix"><rows>1</rows><cols>14</cols><dt>d</dt><data>0.7367856323713416 -2.4001091801886223 0.008661942648087857 -0.16229042674073213 4.704467733159451 0.0 0.0 0.0 0.0 0.0 0.0 0.0 0.0 0.0</data></DistortionCoefficients><!--Distortion Coefficients (k1, k2, p1, p2, k3)--><ReprojectionError>0.06533884075442059</ReprojectionError></opencv_storage>