<?xml version='1.0' encoding='utf-8'?>
<opencv_storage><!--Camera Matrix and Distortion Coefficients for Camera Calibration--><CameraMatrix type_id="opencv-matrix"><rows>3</rows><cols>3</cols><dt>d</dt><data>3804.879808629881 0.0 565.8413323139 0.0 3834.8268021540175 250.25494413377513 0.0 0.0 1.0</data></CameraMatrix><!--Camera Matrix (Intrinsic Parameters)--><DistortionCoefficients type_id="opencv-matrix"><rows>1</rows><cols>14</cols><dt>d</dt><data>0.05114179663815967 -0.6493419517281414 -0.023523795953661546 -0.004032120482301194 6.158554612165477 0.0 0.0 0.0 0.0 0.0 0.0 0.0 0.0 0.0</data></DistortionCoefficients><!--Distortion Coefficients (k1, k2, p1, p2, k3)--><ReprojectionError>0.03168876781487397</ReprojectionError></opencv_storage>